True Positives: 97/100
True Negatives: 17/100
KilledP: 0/100
KilledN: 0/100
Can't Decide Positives: 3
Non Covered Positives:  667, 1753, 2377,
Can't Decide Negatives: 83
Non Covered Negatives:  4789, 4771, 3907, 5113, 4334, 4527, 5623, 6000, 5242, 5390, 5528, 3010, 5244, 4339, 4949, 3517, 3502, 4162, 4178, 3380, 4777, 3780, 3668, 4697, 3015, 5523, 5036, 3537, 4802, 5956, 5315, 4858, 4734, 5997, 3030, 5213, 4023, 5261, 3909, 3470, 3888, 3075, 4906, 4222, 4500, 4954, 4837, 5484, 3915, 5163, 4335, 5515, 5685, 3771, 4395, 5934, 3911, 3669, 3554, 3531, 5470, 5473, 3605, 3172, 5257, 3793, 5365, 5917, 4429, 3811, 3046, 5701, 3732, 4692, 3581, 4013, 3036, 3762, 5439, 3187, 4948, 4904, 3381,
False Positive
False Negative
Total: 200
Please remove: Precision :1.0
Recall :0.5699997650001175
F_score :0.7258509335755133
