True Positives: 49/100
True Negatives: 17/100
KilledP: 0/100
KilledN: 0/100
Can't Decide Positives: 45
Non Covered Positives:  1201, 656, 847, 848, 2465, 2660, 144, 2040, 1886, 1004, 930, 203, 1628, 141, 878, 2405, 382, 272, 2598, 1739, 322, 544, 2306, 1311, 2842, 2406, 1858, 835, 2327, 2038, 482, 1550, 2987, 968, 1607, 2254, 1240, 667, 1753, 1302, 2377, 2490, 2287, 2347, 1905,
Can't Decide Negatives: 79
Non Covered Negatives:  4789, 4771, 3907, 5113, 4186, 4334, 4527, 5623, 6000, 5242, 5528, 3010, 3517, 3502, 4687, 4162, 4178, 3380, 4777, 3780, 3668, 4697, 5250, 3487, 4508, 5523, 5036, 3537, 4802, 5315, 4858, 4734, 5997, 5213, 4023, 5261, 3634, 3909, 3470, 3888, 3075, 4906, 4954, 4707, 4837, 5484, 3915, 3545, 4335, 5515, 5685, 3771, 4395, 5934, 3911, 3669, 4041, 3554, 3531, 5470, 5473, 3605, 3172, 5257, 3793, 5365, 5917, 4429, 3046, 5701, 4692, 3581, 4013, 3036, 3762, 5439, 3187, 4948, 4904,
False Positive0,0,0,0,
False Negative1182,455,2482,1629,2533,2359,
Total: 200
Please remove: Precision :0.868421225761545
Recall :0.3299998850000575
F_score :0.47814643570479304
