True Positives: 31/100
True Negatives: 0/100
KilledP: 28/100
KilledN: 0/100
Can't Decide Positives: 41
Non Covered Positives:  937, 562, 201, 394, 961, 554, 350, 329, 616, 570, 639, 851, 470, 671, 847, 868, 641, 378, 556, 82, 275, 227, 102, 248, 261, 458, 684, 168, 661, 137, 549, 197, 544, 44, 823, 254, 781, 643, 290, 278, 762,
Can't Decide Negatives: 100
Non Covered Negatives:  3925, 3268, 1167, 2637, 3897, 2268, 1361, 1769, 1091, 3663, 3884, 3603, 1716, 999, 1781, 1183, 2881, 2351, 1550, 1671, 1899, 3372, 3210, 2868, 1749, 1932, 1810, 1055, 1835, 3416, 2827, 1000, 3567, 2802, 1511, 1070, 1918, 2953, 2257, 3799, 1585, 2641, 1336, 2277, 2007, 3224, 1339, 3741, 1775, 1584, 1140, 1549, 1098, 2233, 2963, 3703, 3262, 2757, 1188, 2943, 2686, 2157, 3114, 1141, 2473, 2875, 2852, 1623, 2814, 2739, 1588, 1395, 1009, 1092, 2838, 2259, 2906, 3151, 1506, 1653, 2835, 2794, 2905, 1633, 3576, 1622, 3417, 1548, 3086, 1354, 2152, 2847, 3766, 1996, 2697, 1348, 2590, 3366, 3208, 3714,
False Positive
False Negative
Total: 200
Please remove: Precision :1.0
Recall :0.18023251149272587
F_score :0.3053720190809491
