True Positives: 32/100
True Negatives: 51/100
KilledP: 12/100
KilledN: 2/100
Can't Decide Positives: 56
Non Covered Positives:  155, 591, 2174, 2424, 3722, 1555, 3311, 2944, 1959, 669, 2598, 4584, 1691, 1813, 3524, 3927, 1824, 4939, 1068, 188, 4408, 63, 4523, 4793, 3137, 3955, 2970, 2117, 4571, 2939, 3489, 2474, 872, 3100, 53, 2933, 3090, 773, 3811, 3558, 989, 2629, 3868, 275, 4166, 969, 1185, 3250, 4769, 1671, 3472, 3259, 1415, 1231, 2263, 2282,
Can't Decide Negatives: 39
Non Covered Negatives:  7741, 7301, 7758, 7208, 6844, 6300, 6860, 5837, 8212, 5937, 8258, 6334, 7006, 5771, 8310, 7922, 6524, 7275, 6925, 7348, 5663, 5194, 7245, 5726, 7990, 7660, 5168, 5284, 7947, 5610, 6508, 8145, 7994, 7630, 6751, 5859, 7805, 6229, 5753,
False Positive0,0,0,0,0,0,0,0,
False Negative
Total: 200
Please remove: Precision :0.9120880086944959
Recall :0.44623637299119734
F_score :0.5990983181580437
