True Positives: 26/100
True Negatives: 40/100
KilledP: 28/100
KilledN: 0/100
Can't Decide Positives: 46
Non Covered Positives:  838, 54, 302, 320, 755, 980, 947, 573, 118, 822, 833, 582, 322, 427, 607, 324, 344, 643, 579, 312, 726, 670, 526, 609, 242, 277, 825, 712, 757, 639, 403, 513, 738, 672, 18, 684, 490, 646, 962, 238, 495, 87, 871, 514, 729, 183,
Can't Decide Negatives: 60
Non Covered Negatives:  7250, 6788, 8936, 9664, 10409, 4970, 10402, 8585, 6683, 8169, 1125, 9848, 6624, 2657, 5555, 5863, 9419, 6139, 4515, 9453, 8013, 1265, 9072, 8656, 6801, 4042, 6024, 8722, 4971, 3380, 8924, 4548, 2034, 9898, 8976, 4600, 9826, 6053, 9678, 7020, 7849, 10356, 5377, 7507, 9822, 5998, 9221, 5474, 10023, 6002, 2068, 1250, 5279, 8458, 5000, 6609, 10933, 5902, 1756, 4758,
False Positive
False Negative
Total: 200
Please remove: Precision :1.0
Recall :0.38372076527862486
F_score :0.5544679164726778
