True Positives: 9/21
True Negatives: 0/76
KilledP: 0/21
KilledN: 0/76
Can't Decide Positives: 12
Non Covered Positives:  562, 201, 554, 350, 329, 847, 556, 82, 275, 102, 248, 278,
Can't Decide Negatives: 57
Non Covered Negatives:  3268, 1167, 3897, 1361, 1769, 3663, 3884, 999, 1781, 1671, 3372, 2868, 1749, 1932, 1055, 1000, 2802, 1511, 2953, 2257, 3799, 1585, 1336, 2277, 3741, 1775, 1140, 2963, 3262, 2686, 2157, 1141, 2875, 2852, 1623, 2814, 1588, 1395, 1092, 2838, 1506, 1653, 2835, 2905, 1633, 3576, 1622, 3417, 3086, 1354, 2152, 2847, 1996, 2697, 1348, 2590, 3208,
False Positive0,0,0,0,0,0,0,0,0,0,0,0,0,0,0,0,0,0,0,
False Negative
Total: 97
Please remove: Precision :0.32143099488930393
Recall :0.0927835125943169
F_score :0.14398988486786482
