True Positives: 35/100
True Negatives: 9/100
KilledP: 28/100
KilledN: 0/100
Can't Decide Positives: 21
Non Covered Positives:  562, 201, 961, 554, 350, 329, 639, 851, 470, 847, 868, 556, 82, 275, 102, 248, 261, 137, 549, 254, 278,
Can't Decide Negatives: 85
Non Covered Negatives:  3268, 1167, 2637, 3897, 1361, 1769, 1091, 3663, 3884, 1716, 999, 1781, 1183, 2881, 2351, 1550, 1671, 3372, 3210, 2868, 1749, 1932, 1810, 1055, 3416, 2827, 1000, 3567, 2802, 1511, 1070, 2953, 2257, 3799, 1585, 2641, 1336, 2277, 1339, 3741, 1775, 1584, 1140, 1549, 2233, 2963, 3703, 3262, 2757, 1188, 2686, 2157, 1141, 2473, 2875, 2852, 1623, 2814, 2739, 1588, 1395, 1092, 2838, 2259, 2906, 3151, 1506, 1653, 2835, 2794, 2905, 1633, 3576, 1622, 3417, 1548, 3086, 1354, 2152, 2847, 1996, 2697, 1348, 2590, 3208,
False Positive0,0,0,0,0,0,
False Negative937,394,616,570,641,378,227,458,661,197,44,823,781,643,290,762,
Total: 200
Please remove: Precision :0.6666671717164065
Recall :0.25581386289891694
F_score :0.36967953809839954
