True Positives: 31/100
True Negatives: 45/100
KilledP: 28/100
KilledN: 0/100
Can't Decide Positives: 23
Non Covered Positives:  54, 302, 320, 755, 980, 118, 822, 582, 322, 427, 643, 579, 312, 670, 526, 242, 825, 712, 238, 87, 871, 729, 183,
Can't Decide Negatives: 44
Non Covered Negatives:  6788, 8936, 9664, 10402, 8585, 6683, 8169, 1125, 9848, 6624, 5555, 5863, 6139, 4515, 1265, 9072, 8656, 4042, 6024, 4971, 3380, 8924, 4548, 2034, 9898, 8976, 4600, 6053, 9678, 7020, 7849, 10356, 5377, 9822, 5998, 9221, 6002, 2068, 1250, 8458, 5000, 6609, 5902, 1756,
False Positive0,0,0,0,0,0,0,0,0,0,0,
False Negative838,947,573,833,324,726,609,277,639,403,513,672,684,490,646,962,495,514,
Total: 200
Please remove: Precision :0.723809786847822
Recall :0.4418602663603103
F_score :0.548585869904421
