True Positives: 65/100
True Negatives: 38/100
KilledP: 0/100
KilledN: 2/100
Can't Decide Positives: 32
Non Covered Positives:  2224, 1842, 1069, 2217, 2603, 914, 1986, 1592, 2814, 515, 77, 1533, 2840, 1266, 692, 514, 1513, 2008, 2325, 2354, 2580, 377, 267, 1133, 2518, 2605, 1591, 64, 2732, 1430, 1047, 925,
Can't Decide Negatives: 60
Non Covered Negatives:  3985, 4293, 5118, 3596, 3895, 4491, 3064, 4864, 5073, 4229, 4531, 4600, 3060, 4628, 5602, 5720, 5570, 5415, 3537, 3215, 3276, 5240, 3527, 4853, 5016, 3588, 3675, 5783, 3320, 4031, 4498, 3092, 3523, 4113, 4702, 4773, 4639, 4514, 4759, 5067, 3187, 3119, 5326, 4422, 5681, 3205, 5404, 5554, 4051, 5273, 4466, 5291, 5435, 5195, 5388, 5741, 4583, 5866, 3095, 4911,
False Positive
False Negative712,2586,885,
Total: 200
Please remove: Precision :0.9716981399074152
Recall :0.5202018079788848
F_score :0.677401890986705
