True Positives: 0/89
True Negatives: 0/96
KilledP: 0/89
KilledN: 0/96
Can't Decide Positives: 89
Non Covered Positives:  296, 1452, 153, 1801, 93, 1006, 1728, 1277, 1471, 1953, 283, 2247, 941, 239, 1764, 1344, 1610, 2003, 2384, 139, 1011, 1675, 2839, 978, 720, 1832, 2619, 1177, 2796, 1730, 1686, 287, 1529, 1111, 1811, 1706, 1447, 1510, 649, 441, 398, 1138, 1439, 2216, 1682, 2811, 1943, 505, 663, 2285, 968, 883, 12, 1909, 3000, 1847, 1199, 2055, 712, 1285, 2005, 1136, 1500, 1772, 862, 548, 1482, 2920, 248, 1189, 2323, 2100, 958, 817, 1079, 116, 2168, 698, 1411, 980, 1378, 204, 1640, 1220, 462, 2421, 39, 1654, 422,
Can't Decide Negatives: 96
Non Covered Negatives:  4843, 5915, 3813, 5393, 3793, 5321, 5402, 3381, 3102, 4913, 4626, 5472, 5314, 5358, 4223, 5535, 3512, 3416, 3655, 4139, 3777, 3218, 4730, 5654, 5464, 4962, 5176, 4129, 3498, 5188, 3930, 5155, 4132, 3395, 3190, 3369, 3577, 3602, 3108, 5150, 4449, 5159, 5795, 4846, 4498, 3847, 4728, 5725, 5737, 4271, 5707, 5461, 3236, 4512, 4121, 4310, 3620, 5430, 4177, 3307, 5623, 3671, 3281, 3305, 5220, 4552, 3801, 4986, 3130, 4216, 4534, 5569, 3448, 3474, 5572, 3466, 5955, 4779, 4259, 3389, 3374, 5349, 4297, 5817, 5010, 3802, 5893, 4937, 3886, 4546, 5770, 3015, 5908, 4978, 5657, 5726,
False Positive
False Negative
Total: 185
Please remove: Precision :1.0
Recall :5.4054024835662254e-08
F_score :1.0810804382180595e-07
