True Positives: 37/100
True Negatives: 56/100
KilledP: 7/100
KilledN: 1/100
Can't Decide Positives: 56
Non Covered Positives:  153, 93, 1006, 1277, 1471, 1953, 239, 1764, 1610, 1675, 978, 720, 2619, 2796, 1686, 1529, 1111, 1811, 1706, 1447, 1510, 649, 441, 1439, 2216, 1682, 2811, 1943, 505, 663, 2285, 12, 1909, 3000, 1847, 2055, 712, 1285, 2005, 1136, 1500, 248, 1189, 2323, 2100, 817, 1079, 980, 1378, 204, 1640, 1220, 2421, 39, 1654, 422,
Can't Decide Negatives: 34
Non Covered Negatives:  5393, 3381, 4913, 3416, 4730, 5464, 3498, 3930, 4132, 3395, 3369, 3602, 3108, 5150, 4449, 5159, 4498, 5707, 3236, 4121, 3305, 4986, 4216, 4534, 5955, 4779, 3374, 5349, 5817, 5010, 4937, 3886, 5770, 5726,
False Positive0,0,0,0,0,0,0,0,0,
False Negative
Total: 200
Please remove: Precision :0.9117647923874584
Recall :0.48437479980479176
F_score :0.6324528497186821
