True Positives: 9/40
True Negatives: 15/66
KilledP: 0/40
KilledN: 0/66
Can't Decide Positives: 31
Non Covered Positives:  2224, 1842, 1069, 2217, 2603, 914, 1986, 1592, 2814, 515, 77, 1533, 2840, 1096, 692, 514, 1513, 2008, 2354, 2580, 377, 267, 1133, 2518, 2605, 1591, 64, 2732, 1430, 1047, 925,
Can't Decide Negatives: 51
Non Covered Negatives:  3985, 4293, 5118, 3596, 3895, 4491, 3064, 4864, 5073, 4229, 4531, 4600, 3060, 5602, 5720, 5570, 5415, 3215, 3276, 5240, 3527, 4853, 5016, 3588, 5783, 3320, 4031, 4498, 3092, 3523, 4113, 4702, 4514, 4759, 5067, 3187, 3119, 5326, 4422, 5681, 3205, 5404, 5554, 4051, 4466, 5291, 5195, 5388, 5741, 5866, 3095,
False Positive
False Negative
Total: 106
Please remove: Precision :1.0
Recall :0.2264149750802122
F_score :0.3691624576111951
