True Positives: 31/100
True Negatives: 67/100
KilledP: 13/100
KilledN: 2/100
Can't Decide Positives: 26
Non Covered Positives:  155, 591, 2174, 2424, 3722, 669, 4584, 1813, 3927, 1824, 4939, 1068, 4408, 63, 3955, 4571, 3489, 872, 3100, 2933, 3090, 3558, 1671, 1415, 1231, 2282,
Can't Decide Negatives: 25
Non Covered Negatives:  7741, 7301, 6300, 5837, 5937, 8258, 6334, 6536, 7275, 6925, 7348, 5663, 5194, 5726, 7990, 7660, 8022, 5168, 5284, 7947, 8145, 6751, 5859, 7805, 5753,
False Positive0,0,0,0,0,0,
False Negative1555,3311,2944,1959,2598,1691,3524,188,4523,4793,3137,2970,2117,2939,2474,53,773,3811,989,2629,3868,275,4166,969,1185,3250,4769,3472,3259,2263,
Total: 200
Please remove: Precision :0.7313434840720269
Recall :0.5297294974435149
F_score :0.6142312792171511
